4.883991013136117054e+00 2.537227926292317193e+01 9.441900717027208209e+07
7.916008986863882768e+00 1.591126281775098050e+02 1.464588657665184140e+08
4.940445481431955166e+00 2.573489282218775429e+02 1.602635417686257660e+08
7.059554518568043946e+00 1.626956054511583716e+02 1.470974356344332993e+08
6.198620441462883157e+00 2.648060322254744278e+03 2.274252996125182807e+08
5.801379558537116843e+00 7.585504494163669879e+05 3.906577502056465149e+08
7.935638659732166644e+00 1.052151831359299422e+03 2.008099545450833142e+08
4.864361340267834066e+00 6.449445233093458683e+02 1.867053290943948627e+08
6.751510094670718054e+00 6.140320980099938879e+02 1.852903579047414958e+08
5.248489905329282834e+00 4.773363622010243148e+02 1.780376331228404641e+08
5.804085227228122257e+00 8.783850708384272821e+01 1.294622648745730370e+08
6.195914772771875967e+00 1.846122359000561062e+02 1.507229601697255969e+08
4.388873724183691927e+00 1.339539943798800437e+02 1.415264773644555211e+08
4.197800400877684801e+00 3.751965182577689575e+02 1.711068537277674377e+08
3.413325874938621940e+00 3.050807236304897287e+02 1.651553675873768628e+08
4.101541343868476908e+00 1.399734579935681609e+02 1.427855950443482995e+08
2.526456787553097882e+00 8.622048722093016693e+01 1.289319028868889362e+08
1.597645313372004550e+00 4.498457250995919594e+02 1.763298006375997066e+08
1.865861992431758987e+00 5.349190734659471218e+02 1.813174270507968664e+08
2.948951797932021890e+00 2.190768147138803386e+02 1.556372670763491392e+08
5.600974482798481091e+00 1.980953852287473467e+02 1.527463194286408126e+08
3.450073719269497019e+00 1.220222810486347953e+02 1.388555164234130383e+08
3.213235363884789475e+00 7.108502706072108595e+02 1.895086001763826013e+08
2.290687364447331120e+00 1.671890136298173388e+02 1.478787931868512928e+08
3.743989193370137691e+00 1.300943759626101155e+02 1.406892396813800037e+08
2.752088078297741269e+00 9.562826243576924412e+01 1.318874662819534093e+08
2.813653505109029673e+00 3.173323315845141224e+01 1.006536840714596212e+08
1.804782499269401930e+00 7.769345429616255672e+01 1.259634346512317806e+08
2.704180913103717110e+00 2.959945795894784126e+01 9.870868384050835669e+07
2.201260111749311132e+00 2.409458103143320784e+01 9.298607909112876654e+07
2.476122970768540821e+00 2.468120795484799714e+02 1.590620540567630231e+08
5.225129891288089468e+00 3.303296496056222509e+02 1.674424700205302238e+08
6.774870108711910532e+00 1.449711402689473971e+03 2.100508966007001698e+08
2.905078114935117473e+00 3.237659459013670471e+01 1.012152971819622666e+08
2.753068527905802032e+00 3.068247395779970788e+01 9.971226177989466488e+07
2.830942169893031934e+00 2.873098645654204688e+02 1.634295277896009386e+08
3.510911187266049893e+00 8.834434343818944058e+01 1.296260897450855374e+08
6.855862478381947511e+00 8.537539703319126261e+01 1.286509706379242837e+08
5.144137521618052489e+00 1.100761299098963946e+03 2.021119195378782451e+08
4.776179147698311311e+00 2.947713130769247982e+02 1.641667664339139163e+08
2.962056219539443980e+00 6.229034567916336300e+02 1.857035798521260917e+08
5.662253369902175315e+00 7.051149743482233134e+01 1.232020661645743698e+08
6.337746630097824685e+00 3.980087489345079348e+02 1.728055314014417529e+08
5.990200283155108885e+00 3.635030486368988022e+03 2.365629716109941602e+08
6.009799716844890227e+00 4.427986037394918640e+03 2.422552146744511127e+08
7.182068406557086782e+00 9.782744706789598567e+05 3.979976248500125408e+08
4.817931593442912330e+00 2.151897764068788092e+03 2.214412819136001170e+08
6.177629348035118539e+00 3.739506538851506048e+04 3.038119773017557263e+08
3.422370651964884214e+00 1.165535354213532264e+04 2.701765784055837393e+08
